     0.001     0.000     0.000     1.558     0.000
     0.006     0.000     0.000     0.000     0.000
     0.007     0.000     0.000     0.000     0.000
     0.009     0.000     0.000     0.000     0.000
     0.011     0.000     0.000     0.000     0.000
     0.014     0.000     0.000     0.000     0.000
     0.017     0.000     0.000     0.000     0.000
     0.021     0.000     0.000     0.000     0.000
     0.025     0.000     0.000     0.000     0.000
     0.031     0.000     0.000     0.000     0.000
     0.038     0.000     0.000     0.000     0.000
     0.046     0.000     0.000     0.000     0.000
     0.057     0.000     0.000     0.000     0.000
     0.069     0.000     0.000     0.000     0.000
     0.085     0.000     0.000     0.000     0.000
     0.104     0.000     0.000     0.000     0.000
     0.127     0.000     0.000     0.000     0.000
     0.155     0.000     0.000     0.000     0.000
     0.190     0.000     0.000     0.000     0.000
     0.233     0.006     0.028     0.000     0.000
     0.285     0.065     0.227     0.000     0.000
     0.349     0.137     0.393     0.000     0.000
     0.427     0.218     0.512     0.000     0.000
     0.522     0.299     0.572     0.000     0.000
     0.639     0.363     0.568     0.000     0.000
     0.782     0.396     0.506     0.000     0.000
     0.958     0.386     0.403     0.000     0.000
     1.172     0.334     0.285     0.000     0.000
     1.435     0.259     0.181     0.000     0.000
     1.756     0.188     0.107     0.000     0.000
     2.149     0.146     0.068     0.000     0.000
     2.630     0.147     0.056     0.000     0.000
     3.220     0.187     0.058     0.000     0.000
     3.941     0.247     0.063     0.000     0.000
     4.823     0.304     0.063     0.000     0.000
     5.904     0.337     0.057     0.000     0.000
     7.226     0.331     0.046     0.000     0.000
     8.845     0.278     0.031     0.000     0.000
    10.826     0.178     0.016     0.000     0.000
    13.251     0.036     0.003     0.000     0.000
    16.219     0.000     0.000     0.000     0.000
    19.851     0.000     0.000     0.000     0.000
    24.298     0.000     0.000     0.000     0.000
    29.740     0.000     0.000     0.000     0.000
    36.401     0.000     0.000     0.000     0.000
    44.555     0.000     0.000     0.000     0.000
    54.535     0.000     0.000     0.000     0.000
    66.749     0.000     0.000     0.000     0.000
    81.700     0.000     0.000     0.000     0.000
  1000.000     0.000     0.000     0.000     3.059
